# Created by Octave 4.0.3, Sat Aug 20 22:22:50 2016 CST <mhuang@soycustard.local>
# name: J_history
# type: matrix
# rows: 400
# columns: 1
 56840866191.34695
 49321876110.01467
 42857214429.59457
 37295753917.53448
 32508595502.60832
 28385695705.42771
 24833024659.34084
 21770167862.1813
 19128299605.38041
 16848468211.25736
 14880143251.79342
 13179983212.53247
 11710788920.15277
 10440613729.46879
 9342006175.157854
 8391364706.703789
 7568387381.884235
 6855602109.110481
 6237965295.872901
 5702518656.419406
 5238095519.844359
 4835069312.037425
 4485138004.335196
 4181139263.648399
 3916891832.587982
 3687059337.937991
 3487033291.842059
 3312832529.002007
 3161016728.945933
 3028612016.609233
 2913046926.771274
 2812097266.402988
 2723838620.492682
 2646605427.120995
 2578955701.234673
 2519640617.747676
 2467578276.668756
 2421831068.779585
 2381586142.385452
 2346138541.878213
 2314876649.022491
 2287269609.472146
 2262856471.293625
 2241236800.278375
 2222062569.471636
 2205031148.399951
 2189879241.601371
 2176377646.811158
 2164326721.010782
 2153552457.918656
 2143903093.73786
 2135246169.379013
 2127465987.202759
 2120461408.79636
 2114143947.602
 2108436116.51281
 2103269995.986022
 2098585992.910713
 2094331764.513575
 2090461285.078624
 2086934036.271869
 2083714304.465721
 2080770570.706499
 2078074980.910766
 2075602885.554224
 2073332439.566792
 2071244254.400415
 2069321095.318962
 2067547617.895655
 2065910138.512565
 2064396434.356337
 2062995569.009252
 2061697740.257878
 2060494147.194025
 2059376874.074131
 2058338788.74179
 2057373453.711087
 2056475048.261912
 2055638300.117812
 2054858425.466836
 2054131076.250177
 2053452293.785778
 2052818467.917275
 2052226300.98538
 2051672776.011268
 2051155128.561599
 2050670821.834262
 2050217524.563984
 2049793091.399185
 2049395545.44661
 2049023062.719504
 2048673958.259088
 2048346673.728643
 2048039766.305092
 2047751898.715261
 2047481830.283262
 2047228408.872299
 2046990563.618731
 2046767298.368968
 2046557685.74078
 2046360861.740225
 2046176020.873793
 2046002411.702617
 2045839332.792006
 2045686129.015053
 2045542188.173983
 2045406937.907075
 2045279842.852731
 2045160402.045494
 2045048146.521667
 2044942637.114633
 2044843462.422217
 2044750236.930311
 2044662599.278665
 2044580210.656269
 2044502753.315023
 2044429929.191566
 2044361458.628147
 2044297079.184356
 2044236544.532264
 2044179623.428333
 2044126098.755995
 2044075766.633409
 2044028435.581413
 2043983925.747123
 2043942068.179005
 2043902704.14968
 2043865684.522958
 2043830869.161949
 2043798126.375349
 2043767332.399198
 2043738370.911686
 2043711132.578705
 2043685514.628096
 2043661420.450618
 2043638759.225891
 2043617445.571633
 2043597399.214677
 2043578544.682342
 2043560811.012832
 2043544131.483446
 2043528443.355463
 2043513687.634627
 2043499808.846248
 2043486754.824011
 2043474476.511608
 2043462927.776422
 2043452065.234485
 2043441848.086019
 2043432237.960926
 2043423198.773577
 2043414696.586361
 2043406699.481437
 2043399177.4402
 2043392102.229982
 2043385447.297546
 2043379187.66898
 2043373299.855567
 2043367761.765301
 2043362552.619705
 2043357652.875599
 2043353044.151568
 2043348709.1588
 2043344631.636074
 2043340796.288606
 2043337188.730556
 2043333795.430969
 2043330603.662917
 2043327601.455693
 2043324777.549844
 2043322121.354878
 2043319622.909503
 2043317272.844213
 2043315062.346123
 2043312983.125882
 2043311027.386552
 2043309187.794356
 2043307457.45115
 2043305829.868536
 2043304298.943515
 2043302858.935592
 2043301504.445236
 2043300230.393626
 2043299032.003591
 2043297904.781699
 2043296844.501394
 2043295847.187147
 2043294909.099543
 2043294026.721254
 2043293196.743854
 2043292416.055398
 2043291681.728769
 2043290991.010679
 2043290341.311363
 2043289730.194859
 2043289155.36987
 2043288614.681174
 2043288106.101549
 2043287627.724162
 2043287177.755419
 2043286754.508249
 2043286356.395765
 2043285981.925325
 2043285629.692931
 2043285298.377957
 2043284986.73821
 2043284693.605267
 2043284417.88009
 2043284158.52891
 2043283914.579351
 2043283685.116782
 2043283469.280885
 2043283266.262436
 2043283075.300268
 2043282895.678413
 2043282726.723425
 2043282567.801847
 2043282418.317847
 2043282277.710968
 2043282145.454042
 2043282021.051204
 2043281904.03604
 2043281793.969831
 2043281690.439911
 2043281593.058123
 2043281501.45936
 2043281415.300192
 2043281334.257593
 2043281258.027713
 2043281186.324748
 2043281118.879867
 2043281055.440204
 2043280995.767908
 2043280939.639253
 2043280886.843801
 2043280837.183609
 2043280790.472488
 2043280746.535311
 2043280705.207344
 2043280666.333638
 2043280629.768451
 2043280595.374686
 2043280563.023396
 2043280532.59329
 2043280503.970276
 2043280477.047041
 2043280451.722642
 2043280427.902134
 2043280405.496206
 2043280384.420856
 2043280364.597065
 2043280345.950512
 2043280328.411283
 2043280311.913622
 2043280296.395676
 2043280281.799262
 2043280268.069658
 2043280255.155386
 2043280243.008029
 2043280231.582042
 2043280220.834588
 2043280210.725371
 2043280201.216491
 2043280192.272296
 2043280183.859252
 2043280175.945817
 2043280168.502321
 2043280161.500857
 2043280154.915175
 2043280148.720585
 2043280142.893861
 2043280137.413156
 2043280132.257922
 2043280127.408833
 2043280122.847707
 2043280118.557445
 2043280114.521958
 2043280110.72612
 2043280107.155696
 2043280103.797303
 2043280100.638349
 2043280097.666988
 2043280094.872082
 2043280092.243152
 2043280089.770341
 2043280087.444376
 2043280085.256541
 2043280083.198629
 2043280081.262927
 2043280079.442176
 2043280077.729552
 2043280076.118631
 2043280074.603373
 2043280073.178102
 2043280071.837468
 2043280070.576448
 2043280069.390315
 2043280068.27462
 2043280067.22518
 2043280066.238061
 2043280065.309563
 2043280064.436204
 2043280063.614707
 2043280062.841998
 2043280062.115174
 2043280061.431513
 2043280060.788451
 2043280060.183578
 2043280059.614625
 2043280059.079459
 2043280058.576075
 2043280058.102582
 2043280057.657211
 2043280057.238285
 2043280056.844239
 2043280056.473592
 2043280056.124957
 2043280055.797025
 2043280055.488568
 2043280055.198427
 2043280054.925518
 2043280054.668815
 2043280054.427356
 2043280054.200237
 2043280053.986605
 2043280053.785659
 2043280053.596646
 2043280053.418859
 2043280053.251629
 2043280053.09433
 2043280052.946372
 2043280052.8072
 2043280052.676293
 2043280052.553161
 2043280052.437341
 2043280052.328398
 2043280052.225925
 2043280052.129538
 2043280052.038873
 2043280051.953594
 2043280051.873379
 2043280051.797926
 2043280051.726957
 2043280051.6602
 2043280051.597408
 2043280051.538344
 2043280051.482789
 2043280051.430532
 2043280051.381379
 2043280051.335145
 2043280051.291657
 2043280051.250751
 2043280051.212273
 2043280051.176082
 2043280051.142039
 2043280051.110018
 2043280051.079898
 2043280051.051567
 2043280051.024919
 2043280050.999853
 2043280050.976277
 2043280050.954099
 2043280050.933239
 2043280050.913618
 2043280050.895162
 2043280050.877801
 2043280050.861471
 2043280050.846112
 2043280050.831664
 2043280050.818076
 2043280050.805293
 2043280050.793269
 2043280050.78196
 2043280050.771322
 2043280050.761316
 2043280050.751905
 2043280050.743051
 2043280050.734725
 2043280050.726892
 2043280050.719524
 2043280050.712594
 2043280050.706076
 2043280050.699945
 2043280050.694177
 2043280050.688752
 2043280050.68365
 2043280050.678849
 2043280050.674336
 2043280050.67009
 2043280050.666095
 2043280050.662338
 2043280050.658804
 2043280050.655481
 2043280050.652353
 2043280050.649412
 2043280050.646646
 2043280050.644043
 2043280050.641596
 2043280050.639294
 2043280050.637129


